143339054 289407340 351323730 678082309 1286801923 1350370487 1612886025 1615177411 1888019723 1915022538 2086565607
289407340 351323730 678082309 1286801923 1350370487 1612886025 1615177411 1888019723 1915022538 2086565607
351323730 678082309 1286801923 1350370487 1612886025 1615177411 1888019723 1915022538 2086565607
678082309 1286801923 1350370487 1612886025 1615177411 1888019723 1915022538 2086565607
1286801923 1350370487 1612886025 1615177411 1888019723 1915022538 2086565607
1350370487 1612886025 1615177411 1888019723 1915022538 2086565607
1612886025 1615177411 1888019723 1915022538 2086565607
1615177411 1888019723 1915022538 2086565607
1888019723 1915022538 2086565607
1915022538 2086565607
