143339054 678082309
1
sift 884
807 547
2413 1649
58 49
13726 13066
119 100
42 47
10640 18231
85 57
666 481
77 55
864 1048
16625 12909
121 89
18406 16954
192 168
345 291
5244 3601
213 188
990 758
3770 4287
1822 1819
7617 4633
265 239
10331 12643
298 264
976 649
12780 11836
179 181
5427 5182
5027 5431
4065 2215
17210 14751
219 164
3943 4893
72 105
1585 1192
11403 8864
1532 1599
4914 4192
691 508
1448 821
15446 13806
245 200
4530 3558
280 262
12628 13371
13969 11892
75 83
9749 6392
222 183
8990 7285
14531 12857
1596 1487
18336 17406
225 190
7271 7139
15529 13342
275 282
18452 17368
238 214
2142 2051
909 813
13172 13611
443 387
5196 4124
14041 12205
15186 12546
2018 1726
2499 1365
1222 532
18298 16537
236 266
6973 6148
2295 1450
6729 6027
350 251
8209 8363
862 588
7098 7171
177 112
11525 10150
677 546
10334 7403
477 384
12682 11476
502 411
16384 13473
648 560
7962 4872
1103 1162
18597 16463
1549 1252
3089 2343
1722 1152
17680 16003
5035 4403
10268 11626
456 312
11056 10540
2784 1513
2067 1623
473 455
18218 15140
482 444
1717 853
980 620
15238 12903
814 665
12178 10995
2231 2031
18622 18896
151 117
5204 4709
384 258
16929 16280
2300 1567
2944 1795
390 265
16088 15680
409 392
7092 3445
7370 10693
14413 14407
773 623
4955 3637
828 605
13490 12281
656 531
5154 2815
4928 3080
17335 17135
629 390
17731 17066
766 596
1776 1541
3334 2932
1162 747
3311 2445
5267 3943
875 523
1298 706
3737 2196
18535 18248
461 344
14679 15141
3024 2281
3638 2141
4937 4649
365 254
4289 4349
14239 7682
573 558
10962 13495
2375 1932
557 422
609 409
11142 9426
787 524
525 429
10303 11148
923 561
1365 808
7110 5447
5677 5015
4119 3109
4004 2565
361 242
1266 2266
11985 11229
917 506
3907 3834
17004 14431
2004 967
14534 14785
15023 13441
597 412
16831 15260
6100 3114
2096 1413
560 584
11066 9642
2294 1897
2885 1953
10588 8169
1101 993
2168 1773
8143 6978
4104 2401
9360 12212
9130 10346
4179 3732
378 160
17575 15619
7328 5861
585 402
15631 13686
1148 1246
2188 1391
16012 14042
7409 9899
1196 1012
9184 6585
1625 1109
518 345
7424 5004
1876 1098
913 832
4087 2495
4359 4303
319 250
12277 11865
14834 13370
1547 1338
14060 10375
7879 8545
8402 8895
10131 8335
1351 1470
1777 1336
10298 9588
6763 4886
1245 640
5050 4436
1004 717
3168 3801
9120 8829
625 475
2005 1851
7907 14601
7215 6291
2401 1589
4840 4086
697 501
1376 1290
16107 14238
5741 5295
1123 608
8770 10965
4502 1809
4355 7223
7648 6182
2567 1207
878 637
17401 14399
10654 12344
2922 1576
17598 15908
5802 11266
902 742
9786 8683
888 458
4526 2453
16426 14790
18410 15362
10670 10639
11980 11063
1827 843
3790 3538
15482 11423
3682 2016
3301 2340
3022 1890
1490 1262
3683 2530
14694 14094
1225 1005
543 513
17627 15218
4385 4906
9644 9420
8208 6228
18812 18672
2194 1080
10097 9606
406 280
13876 12760
12973 15552
332 244
1973 1540
11095 11018
14147 11539
6501 9250
8361 6856
6168 6127
4140 6893
12543 11143
2395 2485
7067 7353
6369 4266
1476 1355
4365 4576
10001 8930
4967 3825
2354 1624
8367 6377
4714 5308
876 683
10721 9493
1830 1366
5273 5714
11881 11334
2576 3362
2933 1508
15111 12494
1269 849
5320 5756
9030 7402
1197 892
6595 5552
17673 14910
1665 1369
4280 2601
15070 12085
1495 1027
3534 2997
9487 10592
500 593
757 454
18081 15333
1710 1145
2201 1519
8105 5595
435 456
5193 4040
13155 11127
1039 783
1789 1286
9147 9220
3709 2502
2924 2046
7175 4330
1259 924
2872 2313
10085 9310
9553 12532
8429 9360
13930 15482
320 332
1329 1085
17270 13567
2492 1586
12520 12794
15462 14611
604 374
8384 11953
15334 12669
1419 901
2828 1543
9916 9910
10323 10292
1193 863
11560 11552
841 391
863 581
10273 10667
3548 3270
5927 4114
12088 10562
10857 10724
8457 10312
16595 14660
1080 694
2420 1629
17646 14668
1626 1175
1678 1514
14969 11908
7976 10335
1405 1357
15777 14676
6285 5642
4641 3768
13248 13483
6741 4440
2233 1311
13245 12878
7052 8475
948 609
15105 12943
6945 6404
3419 2135
15941 14565
5292 5919
1595 1002
12358 11387
3393 3926
3656 2309
17356 16502
12210 13384
8907 5715
15778 14595
7598 9062
3776 2242
14328 13319
2049 1416
5642 4519
15561 14470
4976 4390
2670 1920
15539 13950
2396 1691
3374 1961
17256 14957
3462 3208
1480 1521
17372 13254
4715 4018
748 438
17165 14016
1829 1526
5418 2185
13797 11989
1451 1429
959 793
15805 15369
1803 1686
4063 4036
10469 9431
5881 3216
9442 12132
16425 12916
1990 1883
2302 1168
17494 15892
3248 1941
4358 3099
15605 14403
3087 1753
3056 1760
13543 11129
1159 1045
1293 913
4404 4810
967 713
1379 1754
961 715
4812 2456
5467 4343
1286 816
2279 1704
6477 8391
4850 4935
2798 2830
1659 1061
13372 12705
3896 2888
6075 5575
1797 1359
1523 976
11727 13000
1841 1013
5191 1574
5376 3619
3059 2669
4551 3115
6317 4197
2651 1592
3662 2860
1358 869
7455 4991
2272 1782
6416 6988
7341 6652
3863 4537
8135 6935
3677 2874
6469 5936
2260 1279
3597 2271
5732 5630
1457 1254
3152 1683
6962 4109
798 452
12792 11588
4258 1776
1160 600
2141 1670
1711 1491
4081 2250
1573 1484
2959 1899
2617 2001
1923 1446
1084 654
3139 2562
3377 2122
2855 1832
1891 1158
3125 3770
1250 1335
3729 3862
2285 1965
1333 916
1686 1026
4462 5666
2404 1378
6308 2150
4870 4112
6644 4612
1757 1062
4881 4499
2043 2093
2684 2321
2214 1557
4851 3988
1865 1224
3409 3065
4002 3390
11667 12450
3781 3830
6678 7965
15090 12992
5262 2767
4958 2490
9866 11078
3644 4788
3241 4306
3005 2491
7796 5765
2706 1822
3086 1915
2753 1431
2723 1904
1412 792
5070 2488
3290 1887
4269 2897
3112 1811
4093 2744
2458 1672
12862 13819
3077 2477
2336 2230
4620 3837
7225 5835
1645 960
4751 4046
5114 3488
4146 3591
4198 3318
1674 974
2518 1468
10917 14400
3695 2287
5271 8524
2627 1436
2707 1433
4339 2543
4800 3000
3927 2246
3213 3187
6181 6048
4574 3237
5046 3177
2940 2175
1533 992
1036 643
6841 5390
7958 5231
7573 8837
4486 2255
4768 3480
1214 790
4683 2312
6526 7067
1064 725
6406 3127
936 618
1033 632
3708 1922
5652 4955
1112 698
3399 3240
5421 1859
1932 1838
3305 1823
6850 2645
2347 1606
6473 5028
7802 8256
6519 4949
5862 4516
3474 3059
5405 6719
3680 2352
6581 5682
12671 11307
3974 3230
6516 5021
6377 3056
4252 2810
1303 795
4367 3146
2603 1442
6133 5911
1707 1714
3154 1181
5160 4845
2973 1580
2456 2673
2034 1658
3302 1911
2372 1467
2826 1976
5033 4761
7257 4914
2998 3466
7199 3827
3773 4219
12922 14507
4009 3352
6480 5393
2889 1687
3476 3522
6492 3313
4459 5578
6927 5460
13337 15092
1108 935
4718 4048
2765 1798
2175 1802
3373 2410
6325 5922
2583 1751
5518 6779
1255 915
4759 2804
2778 2299
3367 2203
2090 1746
4804 5890
5396 3876
5641 5548
4263 3491
7211 8221
3685 2885
9814 12991
1603 2027
5534 5952
1904 1389
6715 5651
5222 3642
3032 1577
4938 3383
4638 4480
2020 1888
1240 1316
5137 3506
1907 942
1924 1091
13599 14556
8156 11720
2065 2097
4722 3743
2607 1666
3520 2361
5334 3420
5230 3912
4421 3838
5792 5181
6921 6477
6695 7620
2191 1766
5754 6248
1818 1546
6972 4063
2509 2300
2074 1778
2398 1583
1694 1660
3049 2341
2701 2066
8487 3785
13701 14259
3856 4580
2046 1531
1846 1223
2960 2303
4196 2733
5841 5661
6615 7447
2092 1047
2383 1630
1949 1812
4876 4722
6533 9052
2417 1509
2355 1998
1551 1396
14087 13145
5001 3760
1484 1494
2571 1985
6851 6325
3609 3402
3169 1856
4639 5942
4831 3462
7845 3905
7166 6667
6775 5768
6256 2960
2696 2162
7276 5980
1471 1143
3141 2416
7310 5872
9028 8695
1613 1184
4445 2754
7055 6212
5655 3350
5940 5834
2830 3475
5425 4721
8765 6286
4493 2325
6223 4842
4874 4359
1493 1568
2084 1728
2914 2446
4536 3606
2157 1561
1946 1582
3146 2276
4134 1942
6998 6629
6114 3397
2875 2111
3753 2782
4045 2835
6262 5655
3282 2257
6903 6450
5466 3740
7380 5250
5158 4058
2999 2550
3490 2349
6500 5999
6188 2285
4230 3075
2728 2643
6040 6528
6964 5783
5517 5087
2464 2421
3817 2695
6244 4748
1991 1693
4188 3341
3505 4155
5195 5557
6622 5454
4762 3471
2463 2484
5062 3798
4164 4233
7303 8204
10145 10249
2502 1626
5388 4264
4657 2958
4621 3853
5411 5608
6481 8494
11329 11766
2177 1637
7191 4207
7781 8173
5354 4204
3760 2102
4858 2452
3525 2544
4898 4283
6430 6548
8018 10278
7723 7823
3989 4185
3198 2295
11381 8861
8139 7372
8304 7678
6582 6010
7401 5970
8031 8230
6963 7095
2990 2029
3216 3291
5076 3982
7007 6990
10393 12949
10858 13882
5616 2654
7957 6668
6085 4388
6521 6143
7232 6379
4019 3861
8342 6651
7987 7385
6209 3505
2023 2731
13998 13668
5705 6466
4636 3251
2357 1868
8299 8762
3618 3354
8266 4768
3425 2807
4736 3327
5874 5562
2310 2024
5140 5284
6491 19984
13560 11150
5709 4291
10594 11216
6030 5547
5527 5076
3550 2306
9043 6993
7975 9702
8828 9048
3182 2116
4377 4434
5706 4909
10128 8365
3529 3207
6440 6396
4226 4636
8811 7945
13959 10390
8489 6227
7687 6074
5473 4451
4487 3832
5475 4858
8849 9088
3288 4674
4596 2674
6342 5555
6862 5464
6386 5024
6321 5836
4889 4056
14656 14581
12489 13604
8028 7598
13390 14231
7465 5201
4949 5681
4890 3525
6591 3734
3750 3429
8331 12109
2702 4420
13269 13848
4416 3191
3784 2975
6191 5126
10987 13334
5524 5689
13991 11991
8032 7764
4035 3613
7477 9376
10774 11635
4441 4963
7274 8425
7640 11259
8961 8303
9239 13850
5765 9515
6873 4874
6091 12158
7473 3971
10035 10974
7698 9654
9666 11482
143339054 1915022538
1
sift 835
1856 2661
467 245
813 841
1475 2428
26 25
6280 8877
74 50
924 818
1820 3120
168 190
8443 11731
550 692
94 71
2363 3990
308 432
1816 1640
50 47
1905 3506
1831 3258
43 38
10622 8323
56 46
9388 18565
9447 10790
268 271
11958 18498
713 876
979 1810
7489 8955
552 1030
10394 12349
176 118
1560 2236
8122 11325
553 601
9873 12239
120 108
1563 2840
4221 8220
252 259
772 564
92 76
1703 2743
3360 6186
70 72
2591 3494
78 77
4044 5733
11923 18106
109 127
2870 3145
1153 1585
1857 3274
7083 10994
103 116
5082 5636
262 365
1477 2710
9947 16597
635 974
9932 10166
149 178
1775 1830
5621 13250
389 634
15826 18860
116 139
1658 2962
5829 11688
62 55
8021 10720
830 1283
2297 2704
7665 12847
226 145
17934 19088
87 101
1564 1778
4973 9513
725 1053
7850 9430
528 610
3707 4820
9848 14871
108 114
8833 11063
131 162
1756 3147
5057 8883
786 886
5081 4327
455 593
4863 6584
13974 18355
175 200
10999 15525
570 1120
2251 3881
11535 18370
240 329
1413 1044
2018 2206
1601 1669
8657 15286
135 151
16277 18469
466 488
8860 14277
8245 14671
364 310
5009 6209
968 1791
4047 4449
5878 11912
249 359
14435 18045
1311 1527
3385 3831
14805 18743
1646 2665
14338 17641
844 1227
5624 6637
12531 18720
117 125
8344 6258
90 96
5092 6654
544 851
5366 5192
456 301
11076 12251
89 102
16669 18553
1313 3027
6662 9087
1441 1693
17228 19296
254 403
6128 7883
199 219
14282 14624
1638 2666
2957 5116
508 583
6112 7570
751 1013
4049 5165
11162 10453
5699 6163
659 714
3979 6982
359 556
16769 18506
3273 4378
6296 7215
2369 2167
16973 18771
212 235
4997 9312
602 681
5350 7566
253 344
8951 13113
503 524
15032 18224
686 1186
4700 6278
318 549
18117 19400
564 621
8104 10925
151 109
16295 18214
4816 4674
1742 2010
770 908
13023 18031
1880 3350
1839 3613
1900 3227
12372 10640
1220 2113
6711 10805
356 424
7053 13446
1049 1929
2056 4304
333 419
5583 4847
519 616
9552 10593
581 584
11226 12209
232 243
4439 6805
1299 2915
11316 14662
5859 7897
3575 5363
4005 4120
17892 18957
927 1268
3003 5231
4119 5254
8788 14710
297 373
5703 8379
705 900
16272 18830
305 321
14036 15471
1082 1722
15454 18569
317 388
11238 17139
1507 2657
13682 12720
6158 7986
1942 2827
10312 13136
5147 8782
4791 6194
899 1184
15802 18940
247 267
1017 1586
6088 8823
361 343
523 670
8709 11364
334 418
607 1243
5109 6340
9004 15671
1411 2049
4690 7735
316 427
654 755
7571 12012
3499 4659
1485 2219
10607 17520
935 2341
1733 2599
13070 17964
1349 2689
1617 2228
5302 9119
3994 5669
1022 1325
6367 10429
1346 1780
223 327
8080 12449
2195 2961
3283 6303
12442 13568
2780 3063
429 445
3405 6230
541 840
532 1134
10874 15975
205 265
1785 1974
7137 12119
286 376
437 485
7889 9368
462 561
688 1035
10288 16788
1271 2711
1046 1574
9340 14571
2624 5186
276 400
5681 8523
1380 2803
733 1027
9304 15861
512 600
1542 2416
9368 11537
5336 13962
697 892
6989 8809
491 516
4092 5808
9001 12348
2649 5197
603 1088
10277 11743
521 795
516 667
11513 16900
808 1447
7454 8488
13602 15231
2419 1918
671 964
4432 7374
9149 11395
1009 1342
12196 14649
1339 1900
583 669
17786 18722
735 1098
10380 13953
9082 16649
1124 1329
2740 4161
5002 7127
400 537
683 1216
14799 18693
6328 9066
10877 15326
11911 16851
506 899
593 711
14155 18390
5343 6607
3175 5810
8199 13588
5207 8314
2086 1356
15923 18382
1759 2622
2956 5118
13176 13630
3551 5493
1288 2116
11782 17989
734 801
2332 1928
5184 10297
2574 6054
3911 7237
12438 15529
6682 8421
1212 1976
10511 12587
1440 2805
5672 7144
4667 8953
1209 1888
567 495
7671 8105
8481 12825
1274 2271
8037 11590
816 1138
1051 1167
16108 18623
1142 2150
8110 14981
9297 8363
1434 2309
1513 2363
12300 14582
897 1064
7899 10077
11019 13919
4784 8746
827 891
9515 12816
710 857
7600 8788
13720 17019
6537 11584
2349 3150
13317 17621
1998 3084
4036 7815
14509 18622
6913 13917
1001 1652
8167 9023
657 976
393 351
14436 18461
944 1564
2900 4019
9812 13799
1013 2234
984 1130
14410 18776
1179 1639
4566 5268
14151 18502
728 1171
5270 9461
13839 16510
755 1135
3822 6417
11447 12617
3359 5341
950 867
12526 19202
1102 1801
6563 7666
10815 14742
8871 11929
6778 8306
12465 17173
1538 1691
973 1282
10245 17530
695 1712
3103 4384
9363 11521
1327 1967
1154 2119
10258 16148
3289 4312
1402 2767
14473 18266
7928 9474
8306 15332
15116 18980
494 645
1643 2698
16866 19105
7074 9782
6026 9170
16285 18634
3999 5952
1985 3541
12384 18239
4741 6778
7835 10629
14864 17976
3203 5013
2675 3558
9676 16157
2504 2999
2145 2994
12230 18526
1584 1988
4298 6158
14393 18381
11496 10294
4610 4806
12102 18408
1868 1752
4229 8079
14915 19180
3489 5995
1145 1616
6751 8049
1986 2460
5412 5304
15654 19960
972 1686
1353 3191
9401 11900
11274 14858
1409 3630
15400 18335
5445 7713
7459 10031
14332 18310
2242 2432
4756 6440
2513 4793
9258 6701
7403 10340
2095 3139
3939 5286
2843 5434
12268 13512
2782 3840
723 1006
3850 4969
1971 2684
1345 1281
2098 2290
2822 3391
4522 5981
2148 4314
1129 1908
1724 2479
9306 13861
11788 17499
4023 5265
4747 8498
1682 2409
6472 6961
1074 1124
1539 1871
4950 10261
3895 6798
895 637
2232 4186
5402 9038
7638 11899
1122 859
1760 3156
1804 3966
2185 2697
2468 2295
2736 2100
4766 6361
1578 1980
1699 3059
1637 5052
2997 4913
7066 11359
1340 2952
4781 8195
1045 934
11718 15936
5864 11756
1808 2201
1755 2908
3890 4544
1249 2090
1805 3224
9181 12311
3219 5699
2105 2912
8383 10464
4248 6661
2525 2773
11798 16464
2572 5793
1182 1536
7567 12536
771 1073
2407 2996
743 739
7106 13357
3106 6161
4068 5868
2835 2944
6186 8468
1071 1346
1791 1887
1333 1296
6136 19997
6349 8223
7080 5822
1520 3128
6541 5929
3824 6394
4267 8419
2695 2626
1970 2618
3119 4017
2302 2598
7711 10589
3715 5258
3597 3535
3495 4008
2249 3602
5905 7288
9427 11530
5106 8647
2068 2983
2979 4794
1491 2014
4909 7948
2078 2168
3905 6787
5855 9269
2333 3001
2560 4183
2212 2849
5061 8389
5214 6572
3533 7411
4572 6125
994 1436
3578 6246
5487 9298
9261 16421
2685 7109
4020 7917
2404 2846
2748 2848
1310 2934
2460 1971
1195 1932
6266 5649
1375 3677
4258 4838
3976 5726
4306 5757
8450 8745
1847 4770
7536 10953
2280 4861
3696 4936
8085 15583
1444 2977
8034 12371
7604 9665
3821 5849
3820 5259
6468 8503
5507 7233
7824 9347
2836 2492
2991 2564
9978 16371
11234 16599
2448 2882
2057 2374
7785 6342
5626 6294
4370 2635
4929 3549
3653 6848
6463 8274
3013 6025
4343 8504
9606 15903
3394 4111
2135 3886
7662 11596
3192 4377
4325 7535
4372 7840
2726 4315
2352 3297
2699 3670
2962 5111
1836 3715
5530 7103
8506 12745
4424 6112
2385 2760
1674 2387
3176 4788
6719 7172
3634 6863
3037 3017
2669 4730
3031 3933
6363 13168
3325 4938
10574 14883
2775 3288
3428 6228
2796 4735
865 1471
1041 1863
3033 6651
3909 5847
3652 5552
2547 2780
3601 7747
4490 3995
3567 4800
2795 2164
9252 11393
5053 11129
4218 4647
13081 12216
1149 989
7463 10270
6203 5910
3588 4294
2895 2887
2118 2299
13061 16701
2586 5834
3250 3628
3165 6969
4066 5927
13954 15027
3941 4836
5049 4831
3804 3239
3587 5142
7150 10478
2219 3428
2884 4274
8221 15351
4608 7417
2461 4663
10294 15922
5432 5842
11297 17075
4082 19999
3948 7682
2899 6169
5275 9799
1705 3315
4455 9530
2864 4009
9270 9730
3255 4889
2416 3404
2189 3720
2111 3299
6686 10339
6959 12766
3964 6480
4658 8362
2026 2067
4307 8913
4540 7538
2620 4129
6224 5705
3228 4434
8903 11641
2889 4213
12055 16426
5231 11158
3395 5549
4228 5531
5636 10249
6240 9116
6514 7952
1641 2306
4489 3807
3673 6685
12313 16194
8958 13179
3687 5684
5249 6880
11000 14523
10732 16582
4138 6192
4199 7432
6493 7221
7641 7657
3628 7446
5832 9887
4257 5809
7998 15229
5574 8895
3803 7399
2161 3824
4363 4702
2630 4194
5714 7593
8532 10957
3783 5997
11531 15491
4821 6121
2812 4005
10155 16304
6780 8180
9115 9302
6511 11120
1768 1697
5145 4358
6720 10040
2014 3196
4031 4324
9531 15173
9549 14162
6299 10718
11874 16823
2610 3197
6393 9753
3421 6040
11622 17144
4274 3994
7800 11324
6254 10729
6006 7097
5142 6985
11110 15779
11611 13086
7952 10309
1779 4791
6478 10049
3563 4348
4260 4558
11331 17125
4217 8502
1883 2940
7027 8793
8047 10127
11163 12088
8562 13792
9483 14083
10833 17203
5772 11017
5922 8082
6303 7391
8390 13572
5155 11233
4074 4671
6640 6358
5085 7662
9484 15995
7183 13210
12380 16229
7509 12048
5042 5510
6281 13641
10344 14793
4699 6686
10628 16763
8440 12909
10660 16684
10786 16110
9725 10734
5850 10949
11021 15653
6612 10351
5099 7069
10809 17893
11052 17244
3635 6530
8406 13670
9544 15254
13328 13894
7162 11261
5369 8260
3987 6598
11253 17733
8483 17062
5306 14586
8274 8255
4813 10873
7437 11284
12053 14040
8620 14660
7979 9890
8055 15105
8077 14595
5017 15612
5939 9221
8413 8330
9503 10537
12702 12298
8128 12987
289407340 1286801923
1
sift 299
14 52
60 307
111 86
1001 2649
107 340
276 636
127 441
99 300
49 183
1970 1017
466 784
275 396
350 907
703 1387
213 395
521 1227
776 2429
355 739
377 754
4150 3871
178 415
1178 3038
9190 3793
292 644
346 1055
538 2374
13597 10952
3292 2159
616 1408
496 2129
384 512
573 1139
1592 4654
1624 3231
14714 13334
425 729
1016 4824
2908 4510
1570 3351
958 2102
380 1211
332 1122
246 349
300 547
2234 5354
2809 5994
360 603
190 331
793 1735
838 2331
410 668
15725 15330
312 523
460 1498
8146 9253
2327 2496
1204 2921
1073 4985
2881 3845
13132 12891
2212 5729
890 2763
13718 13632
6333 5662
1254 3840
11199 15522
1888 3288
244 798
5721 7226
358 685
385 696
3900 3345
420 1318
3993 6827
1290 1612
4178 3601
2710 2917
596 1297
526 1213
3761 5717
1078 3326
200 382
10972 10534
2808 2077
1630 3680
1252 3627
523 1236
4333 2725
682 1978
533 879
6820 7968
15808 15962
821 3360
554 865
1900 2530
2397 3005
1006 2210
2027 1717
14420 12743
10718 9005
1166 2968
2015 4948
14281 13021
6021 4471
1338 5026
2070 4061
6624 7784
15423 13612
8192 6067
1508 2582
17490 11069
18062 14925
887 2204
3230 12647
14089 13105
1870 3291
645 1547
520 942
381 625
9448 7179
725 1561
769 4126
17484 14264
694 943
8790 5100
3145 4769
15688 14730
16169 15107
2367 7711
667 1024
4232 5488
11652 9657
5285 5144
3838 3925
822 1063
3268 3181
8172 5448
773 978
1482 2956
912 1713
8228 6086
9653 6511
4403 4839
562 1569
7725 5480
8009 10275
15001 13163
742 1394
2845 5207
1384 5696
9494 3885
17768 11715
10817 7158
9133 7935
18723 18029
6041 3579
8017 13127
8456 12752
7713 2639
11578 15722
5527 7442
4181 3343
892 1406
7482 8431
8863 7458
830 1674
3998 2552
9755 9171
1710 4253
2120 4043
2201 3001
1062 1583
6423 7213
15276 12857
14335 16507
14193 11423
9650 19984
308 911
11051 4318
1681 1737
13256 10463
11532 5329
4750 2442
411 887
14703 14810
8988 4877
433 700
14903 10340
8048 5050
1225 1663
5183 2400
15144 8422
11394 10943
18864 17105
14506 13434
6071 4434
901 1289
1521 2035
2688 3094
1045 2161
16085 11208
1077 1640
2653 2873
1952 2603
13106 11710
9623 11814
14604 12935
1293 3924
4117 3799
13824 10116
7377 11159
9873 9775
9408 7613
15316 13510
13146 7041
5786 6757
10176 3964
920 1716
8935 5887
5491 2948
12349 12362
16361 12735
3357 2932
7352 10343
8797 7561
11116 5522
9424 6789
14478 10382
12434 11250
7624 4997
2404 2939
3665 5077
15240 11044
7122 4856
11346 14447
18328 9411
17895 16886
2033 4885
2348 1985
2332 2571
15342 8499
1690 1653
913 1193
4977 6695
16639 12848
13841 13913
18303 12304
6545 3893
17085 14499
8248 5227
13491 13556
14475 8856
18037 11776
18446 16056
17576 15269
3226 3865
18695 17398
18876 18180
15506 12906
16029 13189
2754 3394
16434 13924
15710 12778
5719 3670
14695 16116
17757 15978
10625 6200
6148 3591
3015 2962
18926 16435
7564 5723
17677 15514
2176 2654
14004 11172
13893 10270
18664 16471
3229 3095
14258 13476
18490 14777
14606 11626
13699 8783
6381 5039
16230 11030
17492 14668
12649 8518
11927 6600
13343 10058
6311 3874
18762 16585
13649 9523
9198 5004
19247 18044
17870 15582
16165 15696
17217 9014
14734 12556
14491 10887
16368 13297
17063 14445
289407340 1612886025
1
sift 185
111 135
147 176
930 729
1110 830
187 201
188 231
414 1348
2300 1966
223 347
175 222
636 543
4467 1708
246 289
4515 2903
247 335
3139 7485
190 311
19240 17537
410 515
2243 3887
17609 8952
338 403
10619 3356
2808 1232
19409 19188
1848 1107
1155 905
4333 1653
12314 5308
17170 9639
2944 1220
8397 2549
4247 6314
9376 4429
721 600
792 650
853 1291
2397 4757
621 676
1900 6012
381 436
14127 13908
481 640
15157 7259
672 675
952 1192
943 860
14178 7788
18959 13248
401 827
19366 18829
19942 19317
18783 13780
2373 2093
1376 1394
12721 3948
564 629
16222 5991
4403 6632
18622 17138
3964 1823
2352 1366
1106 1340
19438 18972
12519 8754
17768 10104
772 1151
2037 1283
15001 6412
11138 6396
18084 10105
8923 2447
3409 1596
9493 2960
2718 2364
14247 6651
12786 3288
17689 9689
13889 6001
18861 13059
8988 2565
11532 2714
14506 5912
11324 7364
11706 5208
12349 9994
851 1111
920 1256
14806 6324
12483 7827
9873 11100
10571 3301
13784 7336
12036 7470
14619 6143
10221 6089
16299 5013
1681 1357
7791 2360
1521 1196
10349 7024
10608 2964
16393 7371
17095 11618
14903 7247
12369 2694
6603 2039
11158 6691
13935 10841
19209 15541
6457 2301
13824 5704
7121 2480
15144 7251
2348 1303
14486 11120
16714 14204
7608 2055
2391 1625
9860 4045
2332 1685
13665 9369
11572 3513
1652 1471
9374 2596
3226 2471
2613 2022
18328 7964
17837 12351
1638 1476
15039 7716
2754 1605
3668 2297
1690 1093
4027 2173
6409 3031
8257 4498
3052 3768
17008 13603
14829 10803
15905 11456
18788 14141
17560 9834
10625 4264
18688 15008
4442 2373
12756 10692
18590 12423
5787 4089
17677 10609
18799 14313
1536 1469
18174 14333
4295 1658
17757 12280
14695 12234
18591 14948
3015 1988
9117 2709
19067 15370
2282 1598
7616 3046
4370 2076
19365 14308
7289 2977
8253 3277
5986 2777
18664 13236
3229 3388
4910 2062
18115 6420
18302 15197
15930 11544
11699 9264
6311 4895
14502 13320
13649 8311
10406 2749
17587 12652
9198 2424
10890 4609
18524 15384
18083 11169
17883 13895
17094 13044
351323730 1286801923
1
sift 159
232 266
815 618
4012 4629
147 111
269 204
485 521
2501 6220
565 500
159 126
1509 1085
416 418
1602 1454
1997 1171
502 538
357 262
1787 2179
1118 1299
1422 987
1295 936
818 755
797 855
1018 899
848 780
4088 5596
820 742
694 890
12490 13745
2609 2949
751 1357
1776 1284
10714 8230
712 617
866 851
980 1250
1216 1437
2151 3235
940 1275
2632 2346
524 659
1301 1504
1675 1746
1833 1068
10680 8669
1188 1929
1674 1734
9515 9529
1004 1046
871 1123
8073 6228
2176 2390
1249 1325
4796 4727
3807 3770
2089 3338
7930 9043
4238 4104
2730 4549
7680 5218
1463 1445
2110 2504
9572 10022
1715 1668
2146 2660
7944 5826
1405 1795
745 821
9247 10800
1887 2324
6212 4901
13163 10926
1742 1784
6887 6189
6663 6863
1821 2587
2359 2817
9817 10649
1958 2052
1330 1008
11919 11484
1877 2081
5152 3587
2340 2806
3042 4633
1709 1976
2792 3130
2655 2972
7830 6927
12546 10288
7318 4941
1173 2184
4049 6045
1309 1356
2350 3879
7275 6991
2385 3696
1300 2048
6741 4872
2307 2556
2469 2531
12496 9951
2331 3789
2590 7004
15192 12252
2306 2416
2945 4209
3096 3191
5035 2648
4093 4802
2741 3738
1421 1467
2095 2695
3023 3487
1297 1710
1419 1862
2572 2383
4181 2628
2189 1466
3106 3650
3541 3796
4170 4151
6313 4695
4076 7877
1572 1621
4370 4346
1761 2084
2922 1845
1485 3238
1599 2256
1696 1996
4440 3137
8982 10998
2701 2317
1732 2909
3912 2255
3439 5863
2545 2733
1660 3508
2276 2253
6957 7641
6206 5125
2053 2584
1755 2420
1740 2514
2040 2464
3903 4571
7256 7330
2943 5295
6871 3854
4955 4167
4428 8847
5762 4395
5421 5231
6215 5293
6324 8194
4722 4995
4820 6249
6641 12589
5316 7237
6797 6851
351323730 1350370487
1
sift 1081
17623 14433
1974 2302
16 26
8411 15480
222 222
34 67
6529 15903
109 108
422 393
170 189
41 61
1177 1370
69 86
1242 705
750 558
101 153
4021 6053
615 676
334 375
293 379
22 39
1224 1461
1208 1020
1304 2012
1039 1188
179 147
875 801
613 718
650 596
683 1142
202 232
4879 4982
399 454
784 1569
817 1203
87 100
5415 6959
307 332
6328 11400
664 785
326 243
1682 1855
68 81
1422 1184
869 602
311 210
4889 6071
232 248
2975 3279
913 1297
114 107
15149 16573
216 257
3981 3911
1295 2013
208 205
1771 1559
85 109
1601 1249
1018 987
192 102
12838 15405
1673 2093
13873 17749
4153 3209
1007 927
13806 14709
319 330
3418 3967
1221 1560
467 481
14614 16107
289 376
1090 1844
3413 5302
207 171
11455 12481
2080 2474
6943 5435
4397 7451
74 96
5037 6546
499 476
2036 2650
677 886
1703 2001
14535 16640
217 241
1365 2216
2838 4082
545 521
295 366
1937 2745
2751 7466
475 431
1838 2127
1723 1823
1521 1978
235 263
2134 1484
1849 1979
1615 2303
299 378
63 83
919 1212
2809 2821
133 152
589 701
9020 11902
1005 1599
4420 4600
195 221
13016 15254
7348 8633
245 291
345 309
15324 16919
7986 12440
1779 2148
434 621
9571 6624
12506 16131
206 242
256 279
980 844
12653 17570
184 159
839 924
10687 14454
2709 4002
8644 4787
685 648
3399 6316
3799 4550
1042 1156
266 362
2859 2238
2096 3204
9129 4237
480 534
6076 6471
4012 5458
182 177
362 401
2822 4087
6072 6886
137 157
541 614
10629 11869
5931 7093
147 168
224 287
2865 2566
5854 7865
616 880
1182 973
2862 2449
1706 1716
485 638
150 144
4606 4450
14800 14699
841 1052
565 724
1277 1160
7156 10433
1120 1242
1807 2362
2631 2142
5193 10980
159 139
269 373
8013 13794
3593 6671
2008 1190
636 755
3726 6871
8073 9770
190 192
226 214
4285 3543
12516 16023
396 453
696 659
11321 10605
4197 10892
416 501
769 1216
2404 2667
16030 18810
1016 1625
298 407
3234 3445
4983 8882
228 213
1051 1426
9514 13616
13826 14827
1448 1884
397 541
12824 14258
9797 11780
3522 4950
286 227
1528 1881
12555 14859
9204 7024
474 565
12679 16540
13167 13509
388 502
529 429
3955 3949
3027 8280
471 569
609 752
8827 9468
12103 12592
371 458
1024 1280
4796 3227
5686 11768
1311 1258
318 396
7930 5387
9572 10066
497 513
1092 763
2903 1015
3285 9647
1488 1466
542 685
6784 11838
1901 2856
720 682
1664 1373
5013 7547
9247 11948
993 1030
1769 1785
7690 9153
5740 12142
453 590
12387 13038
13583 12417
2097 3086
749 786
11989 10572
7084 7306
2749 7196
515 696
10250 13215
12683 12497
6598 5554
649 554
12593 12247
7968 9449
15331 16360
391 421
2108 3091
10499 16763
16559 16629
796 839
10660 10238
9707 11428
10060 10886
3656 3822
459 707
6896 9339
10765 11919
1827 2950
502 545
12905 10688
2889 8439
433 544
597 488
7033 11056
3477 8315
1111 1112
4573 8871
16426 17494
8505 7332
752 824
528 933
12968 12709
3468 8816
741 1183
2723 2780
1760 2005
12707 14811
925 1244
12128 13564
2018 1982
2835 6789
1089 1151
628 797
9306 6821
2837 4240
6386 2969
7163 9746
1907 1960
6286 12195
1040 1454
2117 2204
7680 8414
2792 5176
2514 3508
676 713
6686 8617
15372 15906
3916 4205
13031 12167
7944 10467
11591 14777
2884 2722
818 954
9817 8960
12546 13629
694 742
402 486
14370 17735
6329 8058
617 583
1118 1945
10626 11782
9862 16672
797 1120
375 438
13927 15604
3223 5897
428 313
431 365
15634 16759
4874 10624
728 926
989 1268
9372 11065
12595 14481
848 1084
747 1202
2801 2992
4713 10948
504 694
1670 1474
9537 9651
4381 9803
756 892
737 1029
7433 11307
11317 13527
2191 2986
646 497
17995 16306
5901 10369
3432 5585
611 773
10214 12071
6235 15225
353 403
548 636
7328 11647
15365 14561
713 716
807 1277
4074 2991
14949 16801
997 1583
4462 4207
8517 8874
7372 11875
802 997
1057 1393
2281 3269
15407 15361
934 1214
583 876
8263 11073
9229 17653
510 914
12836 14762
12083 15379
13121 14931
1511 1328
1199 1539
13306 11156
17810 18736
2209 6259
916 1106
14283 12775
6399 13079
702 1187
332 419
2645 2864
11236 17275
12986 16305
12490 15570
10400 9750
10574 14428
1273 1661
13350 12897
1081 1222
4597 3678
5526 8805
466 587
385 8377
13423 12493
1031 2463
2450 4591
2501 2881
1548 1301
810 1229
12148 10836
2457 1664
1776 2207
9851 6515
1215 1267
1988 2139
11349 13377
633 868
4539 4386
15973 16714
1389 2317
679 748
10289 12439
712 693
2151 4547
14022 11851
1695 2720
10545 13346
8985 12541
1065 1904
795 1150
8499 8337
1256 1786
516 828
11720 15706
1033 1243
10021 11837
7560 7137
3600 5159
8349 11812
7643 10287
697 1462
660 754
9703 12375
602 730
4111 8070
12682 16617
2081 3685
1055 1934
6993 9108
2219 2815
1084 2679
1181 1302
2338 4513
1167 1321
686 867
11812 13187
2153 2663
544 736
866 1456
448 575
1983 2287
974 1480
3232 5426
10052 11959
1260 1193
2145 5010
2632 3326
559 539
1241 1980
9146 8912
776 1477
1361 1507
2830 6332
1299 2285
14112 15210
576 678
1444 1071
1161 1692
1487 2381
1187 1774
5644 9102
703 869
1540 2372
2976 2735
524 831
1188 1700
789 1338
7353 10477
1652 1607
1517 2211
1386 1805
1259 2123
979 1595
1263 1161
1875 3048
11979 12224
1782 2026
1833 1956
5853 6676
871 1385
955 1427
6790 8450
1091 2088
3091 4071
1480 1540
12928 14759
1245 1577
10037 13475
10758 15754
931 1382
2027 3229
10081 10539
1004 1511
1159 1916
733 945
3057 2413
822 1519
983 1176
762 1441
764 1167
10662 11552
843 803
1770 2458
1132 1390
1066 1755
1142 1792
1674 2844
937 953
717 936
958 1146
10539 13512
6140 8285
1746 2051
2461 3925
873 2023
794 1286
1605 2395
7093 7238
1525 2553
1227 1713
5092 3366
1249 1759
9941 11810
1933 2557
2176 3053
1149 849
4303 5076
13966 15987
3807 6533
4918 5282
12188 14223
1645 2377
1226 2163
8960 12494
2731 2215
12258 14971
765 820
792 881
1449 1522
6971 11427
1921 2320
2606 3677
4062 8731
1156 1061
621 934
1164 1811
1102 1189
790 1300
9771 11526
4144 5103
2592 2699
5923 7892
1052 2074
1372 3891
1079 1905
1148 2098
4332 9191
11934 17117
1398 2327
10387 15343
1407 1727
9293 9301
1592 3007
14115 16705
1483 1668
5153 8724
1462 2214
6212 8910
1598 2851
4770 2602
1906 2180
11835 14439
12338 16239
7628 10043
2146 4878
1859 2217
2124 3430
1936 2558
1207 1913
1829 1952
2705 6523
1360 3058
1377 2481
1405 2356
2099 3026
1715 2250
5395 9695
2667 3337
3915 3556
2227 4137
1896 1589
6801 9576
7758 9217
1578 2489
1810 2584
3173 2812
1742 2278
11624 12424
5489 5359
3293 8185
1330 1711
8444 12744
1873 2298
13467 15750
929 966
2879 7006
3312 4006
3042 5501
2115 2551
745 1127
1119 2426
1630 2708
1821 3296
1082 1647
1106 1840
1334 2236
9184 9795
2998 7156
2199 5829
4396 6215
12268 15331
2478 3593
2359 5623
1689 4263
3706 2518
1059 1696
1025 1092
13392 16034
1919 3116
2384 3669
4320 8741
1597 2601
3433 10115
1173 1958
11265 15452
4613 8559
12162 11482
1109 1285
1877 2787
2350 4212
4631 8694
886 1181
1526 3039
6023 7919
2275 2099
2074 2472
12328 12809
1300 2843
4857 7898
2594 2229
3009 4564
10890 13241
9190 10440
4092 3815
8577 10386
2395 2466
1709 3548
8502 10488
2697 2433
3271 6114
3510 3668
1637 2133
2335 2677
1686 3897
2954 7008
12725 12769
7086 11146
3582 10920
9295 13402
1976 1814
8759 12510
4972 8615
1893 3277
3013 2892
2451 5757
1609 2832
3047 5813
1536 1915
2967 7034
995 1271
2672 1652
2741 4818
5771 11892
1624 2106
6594 11595
811 2047
1115 1489
1753 2349
3857 10562
1309 2307
2401 2582
12074 13548
2945 7938
11250 12917
4093 9050
3443 9730
8230 7897
7257 7986
10919 12740
2331 5814
2530 2714
1124 1251
945 1446
1603 3727
2949 4751
4075 7985
7832 11080
2041 3401
1494 2608
2375 2770
7881 9069
1203 1331
4121 7720
4756 9937
4734 6903
6469 10997
6071 7694
8612 13437
6006 4185
3376 7217
2303 2630
3779 3413
2021 5523
2738 8614
2263 6029
1280 2339
4624 9415
2220 3169
1874 5075
2788 3528
3803 7947
3022 3945
2878 2471
1438 2252
7827 7943
1022 1549
5835 9714
2095 2719
5559 6475
1960 5305
11868 13875
6814 11861
2012 1769
9428 10590
3395 6152
4134 9451
9173 10544
5277 8184
4058 3157
2774 2929
6817 11635
1962 2579
3511 9699
2732 3893
7713 11390
3348 8382
1841 3040
6591 9965
2670 3731
10524 16488
1297 2576
9586 10490
6576 2513
5291 3100
3649 4085
1421 2485
2101 3032
1929 3459
7458 9590
9972 11692
10196 13860
4013 8936
11396 15964
1473 1615
12024 15272
10188 14913
5981 7204
4409 5673
1684 2692
1419 2412
2029 2914
1667 2575
8723 13662
8982 7896
2840 3128
2756 5703
2782 5664
10680 12358
7117 8428
5328 8864
2563 5433
1446 2757
4501 7522
12440 14047
3594 4666
4191 4346
2119 3127
3553 9072
10767 15880
3115 5667
4181 4833
2194 3762
3391 6555
2251 3171
7224 10585
2572 5835
6009 6582
2188 2739
3244 2595
3475 8352
11846 11476
2268 3688
6146 13007
7966 10803
3094 8239
2737 5796
3106 5035
2719 4599
2025 3490
1820 3333
3214 5011
2617 5697
13702 15825
11440 14498
3129 6916
2952 5412
3073 5724
2547 5808
2550 5748
2432 6212
2682 3831
7645 10722
3764 8126
4140 7647
1589 3458
3101 9110
5968 8233
2678 5590
7446 12011
2393 2972
2974 4134
6007 12034
13688 16810
4024 6885
2500 4526
3325 4078
6978 10174
3984 7383
3541 8076
2496 2487
4169 9215
2727 8036
11437 13940
1532 2054
14172 16200
1654 2247
2524 5085
3317 5708
8965 10264
6313 10719
11188 9672
1692 2130
6874 8199
7063 9718
2397 2612
7384 10164
2152 5065
2885 5211
6175 10554
6501 10512
1890 4357
1888 13359
3618 9212
9626 11297
1572 2980
3508 8311
8820 16767
8515 10460
3677 7326
4521 5424
1831 3749
7956 9883
4052 8700
2066 2974
3856 8935
2995 9606
2050 4264
1659 2430
5327 12251
11347 12290
8471 10559
14267 16823
1761 3372
14166 16711
7219 10869
3811 6039
3660 6312
3439 8832
1816 4196
2545 2866
5201 7872
4353 8837
3767 7224
8900 10104
2245 5449
2319 4962
9135 13854
1688 4284
1732 3703
3337 8621
6128 9827
10881 12875
3099 7174
11896 12461
4785 9383
4531 7416
8595 9469
13497 16416
11957 16523
1599 3572
9623 9117
2340 2096
6168 8718
1696 2936
3451 8807
2947 3594
3784 8865
4932 7912
8405 11965
3645 7995
2611 5916
2922 3496
2460 3399
5047 5144
2896 6354
4719 10404
9829 13678
4440 7448
6912 10444
5273 8605
3192 8018
4370 9675
4558 7322
3187 6685
6474 10894
5826 9147
10314 13336
4827 7991
4801 11363
13276 14761
7068 10503
3763 7860
3054 6250
3903 7936
5961 9922
4668 9925
4534 11222
2113 3153
9650 9424
2508 5720
7512 12976
4935 10925
2700 3270
1798 4084
7256 11467
14290 14838
1740 2898
1541 2794
12407 13491
2292 3155
5452 9288
8211 12808
8049 13936
3132 9525
4684 8979
4849 3890
4455 9541
4366 8674
2276 5932
10518 13120
10661 11537
5808 8231
5026 9133
1755 3077
5470 10618
2040 2928
4923 10781
2052 3198
5212 5926
2992 3076
5421 6328
3507 6500
6220 8988
12930 13246
4049 5113
5219 6815
7737 8795
4749 5611
8608 12923
10602 13171
2943 8051
4166 9652
6099 5496
6026 8399
5683 9124
4362 9680
5800 6103
10343 9961
3170 6241
6759 6344
12401 15752
2092 4387
8346 6912
5950 5530
10179 15949
5608 7532
8441 7931
4955 10126
8425 12025
9600 10402
3021 5140
5738 9928
5762 10195
11149 18709
3061 6479
5886 11143
14545 16546
9488 11606
4155 10514
6460 6164
2795 8110
3720 9844
3051 5046
4722 9268
3988 8197
8376 6111
8657 7691
8384 8062
8994 7599
4495 9979
13155 14458
3747 7998
3363 7833
11176 11626
5242 10186
8030 12336
10562 9222
7980 8527
8999 8242
15223 15266
2068 8042
4695 10909
5920 9889
10189 10977
3970 8597
10888 13295
8789 12012
15682 18656
9835 11759
678082309 1612886025
1
sift 144
113 172
1354 957
766 875
234 410
526 730
709 1082
606 591
968 924
1483 1191
557 886
4969 3829
8080 5699
616 751
9714 8688
922 1011
6839 4405
1398 1300
909 1297
803 899
1213 1293
1141 1124
5624 3729
4502 2970
1820 1047
5633 3526
1054 1299
664 1009
4970 3423
4826 2975
807 1271
1850 1636
6079 3113
6710 6167
1924 1904
1388 1729
1748 1690
1117 1647
1901 1546
5724 2768
2967 2335
11490 4575
1952 1834
6900 3386
2915 5049
3593 2545
4431 2564
4683 2840
2076 1761
6196 3070
6631 5316
4179 2868
6883 2457
1438 1389
2368 2410
7648 4946
1870 2293
988 1380
2571 2246
6327 3435
3455 2370
6320 4033
11169 8091
2875 2429
4083 2711
7035 3035
3403 2585
5838 2959
10840 7611
5396 5498
4100 3575
5583 4491
8941 3625
2153 2591
11036 8370
5479 2698
1462 1749
5713 4252
1614 2236
8106 3207
6933 4342
5415 4763
10742 4476
7922 7441
3162 2818
5669 3523
1882 4612
7098 4561
1931 5487
1558 2568
11234 7147
8734 5768
2646 1901
2509 1930
4333 4772
6393 4882
9102 5673
10852 8509
9749 4048
8790 4674
6702 3922
4294 2935
1875 2125
9603 6574
8884 6933
2964 2588
2820 3608
6756 4556
8812 7108
2447 2043
7130 5117
6259 4911
3160 2872
10823 7579
9681 6845
2789 3039
2788 4231
7069 8380
2423 3565
3122 2893
7344 7120
3286 6591
7971 5876
7249 5320
1954 2455
5925 4100
11204 5599
3474 5040
6426 4393
11269 5846
8973 10423
4225 6377
7311 5139
4617 3699
7240 5319
11196 8083
11151 8826
8410 5779
6743 4590
4726 4494
4447 5455
7167 9053
6906 4460
5887 6608
7767 6028
678082309 1888019723
1
sift 51
138 71
103 64
3636 1945
12754 3108
3892 1272
6642 1608
4647 1196
8302 3568
4588 798
18539 14680
3209 1083
758 517
1154 492
3032 789
14238 7087
3597 1505
2147 723
15924 6405
15148 8113
4379 709
1730 743
15709 6327
15343 9922
1767 680
4599 6016
9710 2762
15198 8749
14572 7446
2226 1095
8140 4608
2735 1696
2912 1825
6392 3510
6326 3097
3142 1550
17406 11654
15639 5081
5456 5281
8708 1979
4438 2230
5054 2659
15536 10939
13295 4948
9818 3679
15814 7870
14309 6309
8985 4034
13863 8926
11678 4694
16873 12417
14862 10210
1286801923 1350370487
1
sift 546
488 489
216 244
140 186
240 124
986 2090
236 344
631 1156
2495 2408
167 225
594 626
708 982
444 511
901 1018
1396 1365
233 191
551 705
416 607
266 248
1129 1944
1287 726
163 240
255 318
442 500
311 443
513 639
4424 7185
251 323
1150 1407
2239 602
196 301
436 524
1434 1575
195 273
308 394
3946 10816
122 195
987 1184
3072 3083
244 207
6263 3898
899 987
346 378
1266 1810
2897 2572
91 114
12064 10308
7986 9036
395 331
2711 2588
5103 3789
403 384
905 1459
1441 2053
250 279
1541 2745
1733 1345
464 735
2263 4987
3449 9993
110 167
6825 11233
7915 13745
112 144
2264 2272
2950 3038
2080 2009
1148 1633
4130 2741
754 722
1255 858
1504 2183
1200 819
737 996
2241 2212
500 724
6785 11445
2774 4518
433 586
8632 13571
4193 3559
1892 1827
6210 6316
9841 11697
126 139
7762 14619
4627 5676
486 585
1043 1160
5819 13324
317 347
4911 8442
8143 8265
313 373
2158 2502
3296 8124
418 501
3593 2726
8285 8889
1051 992
6240 9495
4444 3531
1476 1154
3306 2619
2540 2369
908 1196
1161 1309
5613 5393
619 853
10376 15905
3791 2753
347 381
3805 2736
5273 9973
358 609
5864 10191
3477 2869
644 940
4721 5970
11974 15737
739 471
8822 12220
9718 12605
324 407
7925 9374
4602 9586
276 276
8784 14083
3551 2577
9315 10576
8266 11835
8333 15654
1342 1194
5665 9893
1646 1282
9496 8728
2090 1105
9939 10989
8755 9518
9529 12291
1738 1306
547 487
3033 1083
11953 11768
11321 11546
3384 2858
15162 12398
651 681
7846 4889
10800 11948
4265 3828
1665 1330
5046 9138
545 627
8830 11378
8608 10070
4844 4049
8249 15675
4475 4592
538 545
5032 6230
8669 16774
269 370
4504 3920
5389 12305
301 334
11523 17336
10575 14683
5384 5502
6227 10441
13314 16113
3776 2312
1816 1753
6863 8518
2102 1942
9826 13802
5372 3024
855 1120
11153 9468
9847 11777
424 657
3505 2379
4177 3587
835 904
10926 14159
11519 13510
2129 1948
7956 6693
6981 8411
9465 11898
12222 11940
8441 15305
755 954
12048 16810
13185 12892
1528 1945
5218 8414
3675 7979
780 1084
10406 9448
3814 3661
890 742
3668 1889
11800 17987
903 818
5826 10806
5454 10370
4510 2081
3197 2005
2847 6649
1283 2206
10649 11557
7571 12647
696 692
10842 8031
10797 13630
1218 1651
2888 5210
4225 3780
1011 1742
8314 11623
9204 14734
1104 1393
9640 8772
12570 12349
925 1266
11022 12176
3387 3217
1994 8070
10251 12876
9146 11000
2284 4591
4077 8005
11811 14280
806 694
10416 14333
5072 7349
3452 3874
2754 3145
12483 12429
1055 1611
7071 10879
12694 15960
13791 13346
11424 11504
6279 11597
774 975
10288 11505
15885 19056
1225 1228
9659 12474
11636 13229
617 693
12160 12467
11173 12785
839 1359
10372 11573
11653 11471
937 1164
11380 8874
16132 17092
1436 1420
5761 8826
1601 2139
5754 10349
7769 8291
3223 5044
10937 9750
535 418
8510 9073
3464 4943
3018 5099
10985 12316
693 730
998 714
14014 17945
685 814
1513 1756
12927 13220
2683 1409
12829 13961
14689 14743
1192 1239
3929 2796
10178 10964
1247 1898
14730 14644
7706 9045
4263 2382
851 1456
6220 3986
3235 3969
1112 912
11835 10645
1235 1525
518 1300
9323 10140
3168 3326
2274 3316
1048 856
4653 5924
1068 1956
1746 2648
659 831
647 812
1755 2297
13105 13243
599 945
4534 4513
701 1145
1158 1595
1929 1584
3971 7068
942 1019
6668 9342
3925 1752
2758 2160
1850 4676
9933 15470
2390 3053
6978 7952
3770 6533
3851 6191
6965 9221
1325 1759
6784 4477
1605 2174
2535 3002
13674 8901
1244 2536
2824 6219
1296 2396
7951 10215
1756 1311
1959 1097
9084 8888
1445 2213
2279 5960
1288 1677
4116 3677
6331 8731
1583 1649
12735 16809
1795 2356
1722 2321
1507 2442
2009 15850
1668 2250
1784 2278
4901 9878
2660 4878
3363 2686
2002 2364
1831 2708
12935 16386
821 1127
2323 3494
6927 9538
9673 8274
5253 8019
1261 1933
2515 2268
10382 17364
2586 3297
2817 4273
2439 2529
2081 2871
4941 8559
1007 2279
17105 19077
1337 2347
3135 2496
4062 8694
4249 5480
1096 1489
11266 11444
1976 3548
4633 5501
2167 1897
1839 1582
13231 13737
2939 2901
9524 13708
1449 1790
1356 2307
2556 2938
15347 16073
4434 7345
3075 6458
3111 4028
12848 14872
3879 4289
1023 1550
2546 2843
3737 4817
2695 5639
13841 14708
1730 2608
2416 4085
4209 7938
8322 8039
4802 9050
12954 12253
2742 2850
2794 4532
5196 8114
6292 6080
3188 2863
3789 5814
11077 7989
3487 3944
4314 7344
3405 8026
6119 8736
1811 3333
5988 9995
2628 4833
3972 7074
3896 9258
6069 9373
1710 2576
11429 12354
1466 2484
1862 2412
6799 10556
5035 5815
5564 6708
4014 6278
3300 3295
3936 8936
4567 3098
2462 2974
15519 14824
3650 5035
3047 5412
2382 5834
4150 9215
7840 13223
2222 3610
16357 19135
3581 4111
4694 10720
11819 15788
5632 10700
3195 5085
13269 17792
4690 6015
10503 6854
2869 3399
3796 8076
2269 3791
2654 3222
6730 11584
3553 8036
4433 6797
1621 2980
1844 3495
3234 2877
3030 7564
4266 8384
4298 9128
11626 14700
2808 5654
1995 3440
2431 3965
3080 6465
2084 3737
9034 15494
4447 10093
2765 6692
3069 8376
5145 8836
3136 7449
8056 10893
3764 3359
2911 2979
12304 12799
3782 8210
5207 9245
3347 3572
8499 13710
6895 8956
6443 10415
3935 3966
5093 11363
12873 13749
2287 2906
3189 8440
9534 11716
4107 10165
2854 3983
5518 10799
5863 9375
8995 15719
2514 2898
2464 2928
4167 10126
9014 11874
4181 6500
4570 7937
2420 3077
2253 5932
5611 11081
5124 10296
7426 11076
2583 3198
3177 5799
7621 10326
4889 5449
15847 13305
5230 6329
8555 15996
3092 5741
5295 9352
8948 13285
7330 10696
3825 8053
4148 2875
4395 10195
4995 9268
5996 3951
3922 8675
4094 7215
4807 4138
5170 3979
7737 11314
5276 4209
5462 3060
3806 6107
13648 16355
8021 3940
5112 4523
14880 19150
8221 12957
5356 4135
5985 5350
4114 3466
4631 9747
16587 18535
4081 4431
10530 3764
12078 14555
4459 7311
10901 16667
9004 8122
10967 18690
15776 17775
1286801923 1612886025
1
sift 510
11 12
125 193
5978 4948
5785 5787
194 280
15432 7544
15802 15670
525 602
6681 153
1050 1228
561 699
8758 8534
13209 8151
5468 6054
3716 2695
16429 16910
718 488
4684 4626
179 247
3698 3210
15737 12770
2467 1643
1209 1979
8260 6322
16797 16251
5251 4587
19209 18193
3009 1965
13986 13354
13077 9831
9410 7229
10808 10611
12673 9420
3355 2569
1142 1575
18741 19035
4236 2605
5780 5083
13727 11469
18744 18883
1362 1735
1069 1171
19054 17996
1518 2006
18589 18902
6107 3906
7872 9310
17088 17803
292 303
6539 9695
19617 19068
334 335
2212 2851
356 401
272 274
16377 15936
13130 9232
349 289
13212 12311
331 311
16515 16655
11282 8703
9788 7545
668 515
12399 13665
12564 9919
3629 2607
5810 8025
498 711
19393 19139
10515 11827
9648 7403
6921 4536
12842 11927
18642 19200
2077 1232
3165 4090
12562 9173
3005 4757
2247 2522
19310 19170
4759 3847
17169 15129
1471 905
12837 9639
2867 7281
18062 18273
2725 1653
11450 10422
2530 6012
574 754
8505 9158
2257 2386
3458 2982
10587 4028
11069 8240
639 812
6401 8889
3726 2745
10996 10115
14135 11665
14343 11008
13875 11200
6187 5756
1195 832
7946 5494
5259 7042
5716 5593
17312 18395
17249 17102
624 437
2353 1544
5502 6205
1316 649
1152 1115
12426 13239
12648 7259
5163 5785
12072 10958
678 579
18728 18560
11886 11249
1597 1118
18517 18694
13669 15015
11551 10154
1305 860
13812 12135
4950 2973
9168 7096
15833 11243
2232 3319
3248 2447
9112 11088
2305 1697
3884 2960
2641 4316
17745 18595
10726 6527
12719 16311
19443 18949
18466 14911
12574 12100
18013 18972
11629 9372
9762 8236
2121 1366
4502 3478
15115 16115
18092 17268
7800 4839
18780 18452
11715 10104
18635 16872
9218 11156
13912 11634
15367 12216
13095 14066
4159 2686
3103 2881
12692 11774
3245 2490
8294 6001
11358 15763
15232 13059
1803 1302
14450 12075
9398 9356
6929 3686
11681 10884
7910 5582
9572 5829
11562 6948
7995 9539
19177 18567
7796 6969
17764 15749
1552 1400
12289 12871
11604 6650
2266 1747
8565 11461
4634 5251
13406 15016
15392 14832
11399 13071
6773 6829
3755 6640
1444 1152
7761 5560
17257 13938
1458 1199
14468 10462
17344 17131
5329 2714
9626 9344
18603 17851
9664 7709
9730 6795
15261 15933
8422 7251
1731 2773
13594 12875
1489 2393
4511 3534
17015 15570
4105 2804
10340 7247
15729 14187
11973 7399
2990 787
12085 13653
8475 5046
2664 1283
16249 16760
1639 1485
6234 5783
13067 13220
17286 16896
12605 7363
15563 17003
1716 1256
5327 3555
18344 18691
16497 15020
13907 8716
15817 9405
14892 7025
2024 2005
6635 6967
4877 2565
13434 5912
4780 12806
10631 8614
17436 18069
15192 13296
18278 17365
15619 12655
11510 12037
14161 7827
10116 5704
18197 17791
11596 10295
18429 15758
18664 18375
6457 5002
6957 4715
15406 12579
6301 9432
8646 4934
18401 17793
9627 8724
9411 7964
17956 16833
7136 5559
2035 1196
15312 15400
14311 9392
12661 10390
19306 18805
12766 10741
16768 16663
15138 10178
3361 2301
14664 10817
11792 14360
13699 10471
12175 12241
17943 18267
8030 5408
14804 11731
12326 11865
17581 15787
4856 2481
16478 17514
10785 7680
10685 5208
18682 18778
2197 1867
13149 6692
19469 18204
14422 10487
5260 5079
16727 16454
8193 5731
14149 15145
13222 15996
11202 10205
16447 11127
19354 18478
4041 3701
3375 1961
19535 18678
3480 4644
3994 8686
5437 6219
12146 10056
14177 13645
12948 11531
6396 5830
5744 4641
13417 9833
12308 10135
2571 1685
19390 18967
18093 16761
12010 8631
2289 1709
18347 17999
3328 1858
17872 17527
4619 4168
10364 7468
9611 10121
16279 14490
12920 8962
2836 2259
16042 14115
11776 8302
11515 9588
3110 5933
13136 11590
15767 12449
1491 994
16194 11717
18265 15160
3692 2338
2850 2507
13736 11513
16277 15306
3394 1605
5178 5386
2941 2395
4073 3018
14237 13809
19162 18472
3865 2471
13999 14373
3872 4762
8368 5889
16706 14683
18191 15863
10451 10144
7117 4497
4333 3749
2981 2730
14469 8783
14314 11015
13312 11627
16111 10288
10140 8685
10841 8842
4071 10661
7154 6710
7128 11012
3664 3678
7920 6990
13831 13431
12872 7957
1562 6893
5617 4878
9044 9301
11775 11282
2643 2776
15514 10609
18309 15899
6198 4725
11308 11949
17960 15344
6853 5495
17996 14568
2961 1987
18578 18668
5963 5446
3596 4036
13425 9083
10473 9079
15465 11322
15086 16743
15155 11272
6255 5891
12097 11136
3365 3023
17844 16362
7566 10049
6569 5865
14041 9720
16326 14379
15978 12280
13045 11988
13342 10319
8009 5716
17919 18334
5019 2777
7038 5522
9642 7697
6688 5367
5157 5535
6352 4080
9049 6476
3096 1992
16840 13804
16116 12234
5916 5646
17857 17090
9988 6618
5735 6996
10731 10811
8942 17859
12746 13320
9825 7825
9935 5724
7726 7674
19360 18823
18302 17795
4096 2296
9000 7026
16646 14958
19191 18403
18618 18144
8219 10101
8676 7780
7683 6781
9523 8311
14489 13368
18292 18785
16862 13098
17285 15826
3874 4895
15329 13272
15299 13722
5004 2424
19285 18942
16509 14372
16339 17672
15238 12332
12369 14619
13974 10062
6537 4548
9890 11247
19369 17565
10547 5376
12739 8431
17862 16653
13978 14477
17506 15428
12223 9739
11913 7536
11645 6330
15804 13499
12193 9532
8834 4923
10079 9645
7936 6349
19027 18128
9898 12673
17045 15101
16400 16877
9364 7287
17593 15930
15529 13012
10137 9327
18529 18765
17997 14974
19488 18937
17185 10943
11125 13576
12187 10015
13720 15445
12325 11576
19180 18841
12404 14703
14507 11567
11065 7845
18337 18199
13362 12729
9314 8131
19064 18875
9598 7117
5009 6425
16048 12077
13224 15162
10324 17902
16204 15970
16565 14491
10480 17360
18470 15491
7725 3898
16879 13429
18259 13801
16601 16651
14090 13401
15028 12370
18246 16215
13931 14695
11967 9457
12545 10875
12827 13619
13235 10028
18165 17155
17011 13119
17985 11579
16405 15907
17039 16208
16619 17761
19087 17653
18813 18157
19938 19409
18474 18889
16903 18368
1286801923 2086565607
1
sift 131
901 412
18 9
622 237
25 15
274 158
41 18
6648 1451
57 40
376 108
130 63
7792 4463
175 104
296 117
595 464
10809 5492
273 137
1472 262
506 202
1839 313
820 389
845 432
946 225
9276 3346
239 123
1145 305
1132 194
5756 5543
451 218
650 189
3174 3170
1376 344
793 256
1324 543
537 377
9068 3468
1474 411
1205 1637
1846 827
6550 5493
2786 3171
1692 614
530 333
4122 5785
2209 1472
1475 516
1494 459
5825 5924
1766 508
572 857
1372 365
5573 3197
2479 1329
1441 445
4424 1600
6450 4507
2427 1602
3502 1553
4066 1572
3693 2999
2971 1440
4432 1869
2093 582
1327 912
2294 852
1585 527
1275 498
5929 2556
2780 1048
1255 505
2099 680
2079 1312
7444 2602
1634 553
1564 491
3307 1209
6430 2209
5103 4215
9816 3122
4311 5065
2037 563
3451 5874
2422 717
8071 5691
4444 1298
10455 5115
3777 1944
9529 19997
2666 685
2241 930
5559 19986
11946 7024
3185 979
3975 6115
1464 618
4207 1715
1667 758
7502 3238
2540 1342
5819 3509
2627 879
9740 4089
8142 2145
3244 1442
2801 1330
7436 2107
1647 752
6595 1928
7837 2461
6006 2189
3383 1387
8448 1249
6761 1848
6587 2483
11012 4611
6134 2304
13185 7110
10800 3132
9241 3009
6897 1880
6984 3098
2757 2016
11022 3572
9798 5062
12694 7987
11788 7636
9810 4738
15761 6543
9204 3916
9950 5160
7249 1992
11359 2293
1612886025 1615177411
1
sift 84
2307 9835
8045 7150
14105 19982
15191 11734
11366 9682
10134 11750
6395 8576
8172 9306
11678 8659
13105 16532
6646 5873
4527 18123
3972 17757
4440 18946
4275 18754
1160 11846
1264 7313
5126 18168
8660 19268
16403 19715
6031 18948
2465 12398
13793 19774
8455 19496
5097 18994
4943 19120
5910 19085
4369 17710
3421 16977
2278 15121
2854 14287
14355 19903
16977 13890
4097 18581
5271 18329
9905 19494
6546 18870
5960 19002
1399 9423
3550 15873
1592 9289
12532 19769
11761 19588
1030 7747
14775 19788
3914 18541
4340 17655
16240 18639
4299 18103
2464 12157
3354 17728
7479 19539
9349 19665
6253 18396
3558 18257
5726 19242
13208 19761
2754 16342
13892 17666
1797 14083
3862 18089
12573 19849
11596 19660
5106 18718
11930 19676
10771 19649
7072 19201
13426 19886
12816 19511
3431 14744
12261 19818
14026 19875
13200 19809
11164 19594
8549 19191
11417 19546
10725 19613
17277 19251
13713 19650
15323 19605
14356 19498
14801 19722
12618 19675
9080 19672
1612886025 1888019723
1
sift 328
441 122
216 67
220 47
251 76
192 45
430 121
259 84
562 215
569 239
1335 495
412 88
287 57
657 213
633 210
1645 574
1360 437
725 293
745 469
1880 611
408 141
1618 682
816 256
9565 3574
1211 2118
2539 978
454 194
2514 1025
746 271
7380 2514
1368 467
4277 1308
892 398
2002 1203
1168 384
6649 1648
734 190
3465 1455
664 180
4162 1512
887 311
10963 3694
762 273
6774 1891
5379 2359
1279 447
5723 2441
8425 2075
10175 4093
5729 2959
3336 752
627 296
950 489
375 107
815 266
2592 578
1750 820
1836 817
11150 2431
1286 417
1247 328
5267 1141
902 281
7593 3853
1037 412
2720 1075
808 237
1095 457
3285 1253
6397 5268
5437 2621
1969 628
2705 659
1755 911
12711 5584
12205 5153
673 171
9642 6173
1313 346
6262 1443
9793 4795
3511 903
11667 2851
9076 3492
2223 1070
10732 3890
2648 759
7409 2893
7080 3314
2852 850
4313 2146
1664 445
1633 529
747 270
11993 4363
1170 342
1401 369
4225 2054
3674 2335
6274 2400
1377 381
5701 1925
1474 673
1932 1092
4528 1832
2355 1371
10525 3755
1126 506
5762 2469
1039 465
4258 2213
6315 2245
8066 2705
870 380
6696 2029
7833 2764
1810 1027
6288 3048
1727 393
908 414
3917 2706
3243 1346
3417 1394
5676 1583
8784 3632
2657 1420
2761 863
9268 3213
2325 1106
10787 3247
3297 1105
922 407
978 410
6556 2992
5084 2786
3235 841
4997 1968
7766 2594
2940 884
4573 1849
1001 358
3390 2093
5489 1969
2161 1401
1923 1091
11943 4285
2824 1335
6242 3622
2914 1222
5722 2137
3234 1746
10085 5225
4880 2651
10040 3764
12031 5011
2171 754
9320 4367
3668 2008
6426 5890
5630 2210
6853 2300
7374 2795
5926 3746
11121 6552
3365 1651
11594 5396
5747 2201
2309 1176
5728 3029
13229 5217
9043 2891
6291 2380
11974 7069
13434 6318
4242 3204
5103 2545
1324 1250
2924 1166
7859 2530
4005 3544
1841 585
9211 3991
2391 846
8416 2822
4224 3013
3049 1054
6113 2076
4269 2838
1928 749
6863 1315
9374 5103
13944 6181
5525 4144
12253 6352
3503 1844
6688 3986
6798 3407
12419 5749
12712 6164
8209 4275
3902 1944
4094 4621
7077 3145
13922 6272
2469 929
3443 1462
1450 577
13133 5416
9562 4303
11749 6155
7023 3444
9518 6003
11593 5329
9278 3691
9857 4881
5497 1903
7996 4793
7962 3710
8008 2501
9566 3830
11057 4333
4234 1889
5769 1392
9259 6204
7945 4113
7158 1997
12366 7552
5481 1597
12933 3900
8567 4138
4849 2896
983 610
11189 6705
3041 632
12825 4860
5303 2901
4132 2494
3519 1874
13064 5566
9215 5007
7546 2766
7014 3724
2778 1214
9803 6017
5064 1970
8371 3750
9862 5724
13618 9848
8590 5173
11224 6684
14317 5001
9100 3072
11745 6266
5922 2152
3016 1621
4572 832
2685 1657
5642 2584
13637 5723
4051 1714
12748 2924
8814 4218
5200 2434
5131 3705
4142 1721
10301 5366
8290 2778
5162 2055
1301 441
3813 2013
3743 1301
11631 8624
6418 3426
9018 3893
9428 6893
5507 2187
10466 3641
9423 5563
9031 3338
5557 5382
14201 7304
11079 5075
3733 1235
14586 5973
12681 3843
7711 3534
10954 6749
11274 6265
9868 8768
7952 3573
7923 5084
11939 6242
14630 6273
6295 2627
8925 6275
11447 7946
1541 592
7130 2430
10488 6521
4914 1547
6385 3106
11559 7683
7682 2265
7723 4240
12170 7695
10132 4541
3412 1760
7610 2854
8945 3549
7537 4319
14226 7243
8982 3530
7986 3011
10235 6713
7484 3821
3900 1403
8871 5180
10199 4643
6599 2713
8956 8690
11866 4624
12464 2331
11921 8656
7607 2970
2112 3102
13126 9394
7321 5615
13135 7411
13614 4266
1612886025 2086565607
1
sift 72
280 77
1874 556
15028 7405
242 135
602 280
771 236
528 143
1849 645
4580 1896
990 360
10779 5310
8875 3837
6054 4150
3210 1010
3150 1137
2693 917
6292 3490
1594 467
6538 3270
1149 373
6265 1335
12433 2778
1244 611
9527 1860
4587 1923
9144 3885
2385 1207
1979 1009
15103 6525
14503 9499
2401 927
14096 8723
1638 805
15229 6626
13737 7522
13095 10536
3034 864
9752 3995
9538 2620
4167 1878
2323 5800
1735 1199
1669 978
2380 1227
14845 5957
8389 3507
5289 2108
9310 4592
1554 728
1859 6340
4023 868
8272 4308
8120 4003
15936 9787
4090 1759
13048 10735
8025 4184
6813 5493
5187 2049
5756 3075
10758 5325
7935 5998
9851 7498
11387 8138
14704 10897
12319 10385
13239 9154
3614 1535
6895 4040
7591 6818
14170 4104
17694 9240
